map:
 ros__parameters:
  image: './map.pgm'
  resolution: 0.050000
  origin: [-10.000000, -10.000000, 0.000000]
  negate: 0
  occupied_thresh: 0.65
  sfree_thresh: 0.196

